116,0.,-199.76319314,0.,;                                            133P     95
116,-34.538475773,-179.822394855,0.,;                                135P     96
116,-58.538475773,-221.391614236,0.,;                                137P     97
116,-162.461524227,-161.391614236,0.,;                               139P     98
116,-138.461524227,-119.822394855,0.,;                               141P     99
116,-173.,-99.88159657,0.,;                                          143P    100
116,-173.,-60.,0.,;                                                  145P    101
116,-221.,-60.,0.,;                                                  147P    102
116,-221.,-40.,0.,;                                                  149P    103
116,-243.,-40.,0.,;                                                  151P    104
116,-243.,80.,0.,;                                                   153P    105
116,-173.,80.,0.,;                                                   155P    106
116,-173.,99.88159657,0.,;                                           157P    107
116,-138.461524227,119.822394855,0.,;                                159P    108
116,-162.461524227,161.391614236,0.,;                                161P    109
116,-58.538475773,221.391614236,0.,;                                 163P    110
116,-34.538475773,179.822394855,0.,;                                 165P    111
116,0.,199.76319314,0.,;                                             167P    112
116,34.538475773,179.822394855,0.,;                                  169P    113
116,58.538475773,221.391614236,0.,;                                  171P    114
116,162.461524227,161.391614236,0.,;                                 173P    115
116,138.461524227,119.822394855,0.,;                                 175P    116
116,173.,99.88159657,0.,;                                            177P    117
116,173.,-99.88159657,0.,;                                           179P    118
116,138.461524227,-119.822394855,0.,;                                181P    119
116,162.461524227,-161.391614236,0.,;                                183P    120
116,58.538475773,-221.391614236,0.,;                                 185P    121
116,34.538475773,-179.822394855,0.,;                                 187P    122