116,-173.,99.88159657,0.,;                                           643P    404
116,-209.812590716,140.479454976,0.,;                                645P    405
116,-240.,140.479454976,0.,;                                         647P    406
116,-173.,99.88159657,0.,;                                           649P    407
116,-234.643705309,53.,0.,;                                          651P    408
116,-240.,53.,0.,;                                                   653P    409
116,-173.,-99.88159657,0.,;                                          655P    410
116,-183.921153536,-106.647572723,0.,;                               657P    411
116,-240.,-106.647572723,0.,;                                        659P    412
116,160.333602942,107.194544321,0.,;                                 661P    413
116,208.13589511,137.920530107,0.,;                                  663P    414
116,296.344865372,137.920530107,0.,;                                 665P    415
116,173.,80.629812876,0.,;                                           667P    416
116,194.162066995,74.587954193,0.,;                                  669P    417
116,216.344865372,74.587954193,0.,;                                  671P    418
116,173.,-85.467988441,0.,;                                          673P    419
116,217.963826283,-110.761111823,0.,;                                675P    420
116,261.374841866,-110.761111823,0.,;                                677P    421
116,0.,181.76319314,0.,;                                             679P    422