116,-104.5,-180.999309391,0.,;                                       463P    303
116,-115.470053838,-200.,0.,;                                        465P    304
116,-410.,-200.,0.,;                                                 467P    305
116,104.5,-180.999309391,0.,;                                        469P    306
116,115.470053838,-200.,0.,;                                         471P    307
116,410.,-200.,0.,;                                                  473P    308
116,104.5,180.999309391,0.,;                                         475P    309
116,124.130307876,215.,0.,;                                          477P    310
116,410.,215.,0.,;                                                   479P    311
116,-104.5,180.999309391,0.,;                                        481P    312
116,-124.130307876,215.,0.,;                                         483P    313
116,-410.,215.,0.,;                                                  485P    314
116,-209.,0.,0.,;                                                    487P    315
116,-264.343168083,-49.115637456,0.,;                                489P    316
116,-410.,-49.115637456,0.,;                                         491P    317
116,-231.,20.,0.,;                                                   493P    318
116,-265.29975822,-1.933858621,0.,;                                  495P    319
116,-410.,-1.933858621,0.,; 