116,-155.271579546,110.117104891,0.,;                                629P    407
116,-182.042825555,156.486263162,0.,;                                631P    408
116,-240.00917214,156.486263162,0.,;                                 633P    409
116,-173.,96.166591783,0.,;                                          635P    410
116,-199.820146196,86.642293356,0.,;                                 637P    411
116,-240.368644662,86.642293356,0.,;                                 639P    412
116,-155.143977005,-110.190776253,0.,;                               641P    413
116,-177.460591849,-148.844287016,0.,;                               643P    414
116,-241.58064557,-148.844287016,0.,;                                645P    415
116,160.28122689,107.224783649,0.,;                                  647P    416
116,185.670587543,151.200446272,0.,;                                 649P    417
116,296.043651904,151.200446272,0.,;                                 651P    418
116,173.,70.559386381,0.,;                                           653P    419
116,187.625492629,70.559386381,0.,;                                  655P    420
116,216.043651904,70.559386381,0.,;                                  657P    421
116,173.,-90.829660669,0.,;                                          659P    422
116,188.860960823,-90.829660669,0.,;                                 661P    423
116,216.043651904,-90.829660669,0.,;                                 663P    424
116,0.,187.76319314,0.,;                                             665P    425