116,0.,0.,0.,;                                                        53P     27
116,80.,0.,0.,;                                                       55P     28
116,13.,-4.857699123,0.,;                                             57P     29
116,67.,15.142300877,0.,;                                             59P     30
116,13.,23.142300877,0.,;                                             61P     31
116,67.,43.142300877,0.,;                                             63P     32
116,0.,6.,0.,;                                                        65P     33
116,12.,6.,0.,;                                                       67P     34
116,12.,46.,0.,;                                                      69P     35
116,18.128355545,51.142300877,0.,;                                    71P     36
116,61.871644455,51.142300877,0.,;                                    73P     37
116,68.,46.,0.,;                                                      75P     38
116,68.,6.,0.,;                                                       77P     39
116,80.,6.,0.,;                                                       79P     40
116,80.,-6.,0.,;                                                      81P     41
116,68.,-6.,0.,;                                                      83P     42
116,68.,-14.,0.,;                                                     85P     43
116,12.,-14.,0.,;                                                     87P     44
116,12.,-6.,0.,;                                                      89P     45
116,0.,-6.,0.,;                                                       91P     46
116,0.,-0.619626429,0.,;                                              93P     47