116,170.,252.,0.,;                                                   883P    531
116,210.,292.,0.,;                                                   885P    532
116,218.,252.,0.,;                                                   887P    533
116,258.,292.,0.,;                                                   889P    534
116,266.,252.,0.,;                                                   891P    535
116,306.,292.,0.,;                                                   893P    536
116,314.,252.,0.,;                                                   895P    537
116,354.,292.,0.,;                                                   897P    538
116,-402.,252.,0.,;                                                  899P    539
116,-362.,292.,0.,;                                                  901P    540
116,362.,252.,0.,;                                                   903P    541
116,402.,292.,0.,;                                                   905P    542
116,-154.,252.,0.,;                                                  907P    543
116,-114.,292.,0.,;                                                  909P    544
