116,-215.470053838,-220.,0.,;                                        565P    358
116,-135.470053838,-204.,0.,;                                        567P    359
116,-215.470053838,-196.,0.,;                                        569P    360
116,-135.470053838,-180.,0.,;                                        571P    361
116,145.470053838,-220.,0.,;                                         573P    362
116,225.470053838,-204.,0.,;                                         575P    363
116,145.470053838,-196.,0.,;                                         577P    364
116,225.470053838,-180.,0.,;                                         579P    365
116,145.470053838,176.,0.,;                                          581P    366
116,225.470053838,192.,0.,;                                          583P    367
116,145.470053838,204.,0.,;                                          585P    368
116,225.470053838,220.,0.,;                                          587P    369
116,-215.470053838,176.,0.,;                                         589P    370
116,-135.470053838,192.,0.,;                                         591P    371
116,-215.470053838,204.,0.,;                                         593P    372
116,-135.470053838,220.,0.,;                                         595P    373
116,229.,-20.,0.,;                                                   597P    374
116,309.,-4.,0.,;                                                    599P    375
116,229.,4.,0.,;                                                     601P    376
116,309.,20.,0.,;                                                    603P    377
116,-309.,-20.,0.,;                                                  605P    378
116,-229.,-4.,0.,;                                                   607P    379
116,-309.,4.,0.,;                                                    609P    380
116,-229.,20.,0.,;                                                   611P    381