116,-225.470053838,-220.,0.,;                                        551P    356
116,-145.470053838,-204.,0.,;                                        553P    357
116,-225.470053838,-196.,0.,;                                        555P    358
116,-145.470053838,-180.,0.,;                                        557P    359
116,155.470053838,-220.,0.,;                                         559P    360
116,235.470053838,-204.,0.,;                                         561P    361
116,155.470053838,-196.,0.,;                                         563P    362
116,235.470053838,-180.,0.,;                                         565P    363
116,155.470053838,195.,0.,;                                          567P    364
116,235.470053838,211.,0.,;                                          569P    365
116,155.470053838,219.,0.,;                                          571P    366
116,235.470053838,235.,0.,;                                          573P    367
116,-225.470053838,195.,0.,;                                         575P    368
116,-145.470053838,211.,0.,;                                         577P    369
116,-225.470053838,219.,0.,;                                         579P    370
116,-145.470053838,235.,0.,;                                         581P    371
116,-349.29975822,-69.115637456,0.,;                                 583P    372
116,-269.29975822,-53.115637456,0.,;                                 585P    373
116,-349.29975822,-45.115637456,0.,;                                 587P    374
116,-269.29975822,-29.115637456,0.,;                                 589P    375
116,-349.29975822,-21.933858621,0.,;                                 591P    376
116,-269.29975822,-5.933858621,0.,;                                  593P    377
116,-349.29975822,2.066141379,0.,;                                   595P    378
116,-269.29975822,18.066141379,0.,;                                  597P    379