116,-152.,290.,0.,;                                                  845P    512
116,-402.,250.,0.,;                                                  847P    513
116,-152.,246.,0.,;                                                  849P    514
116,-402.,206.,0.,;                                                  851P    515
116,-152.,202.,0.,;                                                  853P    516
116,-402.,162.,0.,;                                                  855P    517
116,-152.,158.,0.,;                                                  857P    518
116,-402.,118.,0.,;                                                  859P    519
116,-152.,114.,0.,;                                                  861P    520
116,-402.,74.,0.,;                                                   863P    521
116,-152.,70.,0.,;                                                   865P    522
116,-402.,30.,0.,;                                                   867P    523
116,-152.,26.,0.,;                                                   869P    524
116,-402.,-14.,0.,;                                                  871P    525
116,-152.,-18.,0.,;                                                  873P    526
116,-402.,-58.,0.,;                                                  875P    527
116,-152.,-62.,0.,;                                                  877P    528
116,-402.,-102.,0.,;                                                 879P    529
116,-152.,-106.,0.,;                                                 881P    530
116,-402.,-146.,0.,;                                                 883P    531
116,-152.,-150.,0.,;                                                 885P    532
116,-402.,-190.,0.,;                                                 887P    533
116,-152.,-194.,0.,;                                                 889P    534
116,-402.,-234.,0.,;                                                 891P    535
116,-152.,-238.,0.,;                                                 893P    536
116,-402.,-278.,0.,;                                                 895P    537
