116,-358.,208.,0.,;                                                  923P    553
116,-158.,248.,0.,;                                                  925P    554
116,-358.,164.,0.,;                                                  927P    555
116,-158.,204.,0.,;                                                  929P    556
116,-358.,120.,0.,;                                                  931P    557
116,-158.,160.,0.,;                                                  933P    558
116,-358.,76.,0.,;                                                   935P    559
116,-158.,116.,0.,;                                                  937P    560
116,-358.,32.,0.,;                                                   939P    561
116,-158.,72.,0.,;                                                   941P    562
116,-358.,-12.,0.,;                                                  943P    563
116,-158.,28.,0.,;                                                   945P    564
116,-358.,-56.,0.,;                                                  947P    565
116,-158.,-16.,0.,;                                                  949P    566
116,-358.,-100.,0.,;                                                 951P    567
116,-158.,-60.,0.,;                                                  953P    568
116,-358.,-144.,0.,;                                                 955P    569
116,-158.,-104.,0.,;                                                 957P    570
116,-358.,-188.,0.,;                                                 959P    571
116,-158.,-148.,0.,;                                                 961P    572
116,-358.,-232.,0.,;                                                 963P    573
116,-158.,-192.,0.,;                                                 965P    574
116,-358.,-276.,0.,;                                                 967P    575
116,-158.,-236.,0.,;                                                 969P    576
