116,0.,20.,0.,;                                                       77P     40
116,-27.5,26.,0.,;                                                    79P     41
116,27.5,44.,0.,;                                                     81P     42
116,-20.,52.,0.,;                                                     83P     43
116,20.,92.,0.,;                                                      85P     44
116,-28.,3.834192463,0.,;                                             87P     45
116,-28.,32.,0.,;                                                     89P     46
116,-48.,32.,0.,;                                                     91P     47
116,-48.,48.,0.,;                                                     93P     48
116,-40.,48.,0.,;                                                     95P     49
116,-40.,96.,0.,;                                                     97P     50
116,-20.,96.,0.,;                                                     99P     51
116,-20.,116.,0.,;                                                   101P     52
116,20.,116.,0.,;                                                    103P     53
116,20.,96.,0.,;                                                     105P     54
116,40.,96.,0.,;                                                     107P     55
116,40.,48.,0.,;                                                     109P     56
116,48.,48.,0.,;                                                     111P     57
116,48.,32.,0.,;                                                     113P     58
116,28.,32.,0.,;                                                     115P     59
116,28.,3.834192463,0.,;                                             117P     60
