116,0.,0.,0.,;                                                        91P     47
116,80.,0.,0.,;                                                       93P     48
116,20.,-20.,0.,;                                                     95P     49
116,60.,20.,0.,;                                                      97P     50
116,0.,6.,0.,;                                                        99P     51
116,8.,6.,0.,;                                                       101P     52
116,8.,20.,0.,;                                                      103P     53
116,14.679491924,20.,0.,;                                            105P     54
116,32.,10.,0.,;                                                     107P     55
116,34.,10.,0.,;                                                     109P     56
116,34.,34.,0.,;                                                     111P     57
116,10.,34.,0.,;                                                     113P     58
116,10.,46.,0.,;                                                     115P     59
116,70.,46.,0.,;                                                     117P     60
116,70.,34.,0.,;                                                     119P     61
116,46.,34.,0.,;                                                     121P     62
116,46.,10.,0.,;                                                     123P     63
116,48.,10.,0.,;                                                     125P     64
116,65.320508076,20.,0.,;                                            127P     65
116,72.,20.,0.,;                                                     129P     66
116,72.,6.,0.,;                                                      131P     67
116,80.,6.,0.,;                                                      133P     68
116,80.,-6.,0.,;                                                     135P     69
116,72.,-6.,0.,;                                                     137P     70
116,72.,-20.,0.,;                                                    139P     71
116,65.320508076,-20.,0.,;                                           141P     72
116,48.,-10.,0.,;                                                    143P     73
116,32.,-10.,0.,;                                                    145P     74
116,14.679491924,-20.,0.,;                                           147P     75
116,8.,-20.,0.,;                                                     149P     76
116,8.,-6.,0.,;                                                      151P     77
116,0.,-6.,0.,;                                                      153P     78
